# Created by Octave 4.0.0, Tue Dec 01 22:40:08 2015 EST <clayton@ubuntu>
# name: x
# type: matrix
# rows: 1
# columns: 14
 1 5 10 20 30 40 50 75 100 150 200 300 400 500


# name: y
# type: matrix
# rows: 1
# columns: 14
 0.5524 0.524 0.4913999999999999 0.4872 0.4918 0.4893999999999999 0.4974 0.5098 0.5216000000000001 0.5346 0.55 0.5684 0.5831999999999999 0.5944


