# Created by Octave 4.0.0, Tue Dec 01 21:39:05 2015 EST <clayton@ubuntu>
# name: x
# type: matrix
# rows: 1
# columns: 11
 0.05 0.15 0.25 0.35 0.45 0.55 0.65 0.75 0.85 0.95 1


# name: y
# type: matrix
# rows: 1
# columns: 11
 0.8156 0.7428 0.6642 0.5698 0.5286999999999999 0.5044 0.4912 0.49 0.4936 0.4986 0.4956


